200 200
96 3 6 7 8 9 11 16 19 21 22 23 24 29 31 34 35 36 37 38 39 41 45 46 47 48 50 51 53 54 57 59 60 63 64 70 71 73 77 79 81 83 86 90 93 95 97 99 100 102 103 105 107 108 110 114 118 119 120 121 122 123 125 127 129 130 132 135 136 137 139 142 143 144 150 151 152 155 157 159 160 161 164 166 170 172 176 178 181 182 184 189 191 193 194 195 197
87 1 3 7 10 12 14 15 17 19 21 23 24 27 29 30 31 33 35 36 37 40 42 45 47 48 54 56 58 64 66 68 72 75 77 78 87 88 91 92 96 97 98 103 104 106 107 108 109 110 114 115 117 124 125 126 129 130 131 132 135 137 138 140 143 146 148 149 150 153 154 157 159 162 164 167 171 174 175 180 181 183 184 186 189 194 195 199
67 15 16 17 19 20 21 27 29 34 35 36 37 38 40 43 44 47 50 51 54 55 58 59 70 73 74 78 79 84 86 87 88 89 94 96 98 105 107 108 110 111 117 118 119 120 121 125 129 131 133 134 135 136 144 146 148 149 160 162 167 169 173 177 181 184 190 196
91 7 8 10 12 15 17 20 21 23 25 28 29 33 35 37 38 41 43 47 49 50 51 52 53 55 59 62 64 65 68 71 77 78 81 83 88 91 92 93 94 101 103 105 108 109 110 111 115 116 120 126 128 130 131 132 133 138 140 141 142 145 148 149 150 151 155 157 158 159 160 162 163 166 167 169 170 171 174 175 177 178 179 184 189 191 193 194 195 196 197 199
85 2 3 5 6 7 8 10 11 12 15 16 19 22 24 31 35 38 41 44 47 48 51 52 53 55 56 59 60 65 66 69 70 72 74 79 84 85 87 88 89 92 96 101 103 109 110 111 113 115 117 118 119 121 124 127 129 130 131 136 138 140 142 145 146 150 151 156 162 164 165 167 169 173 174 175 177 180 181 182 189 191 195 196 197 199
94 2 4 8 10 14 17 19 21 30 31 33 34 37 41 42 43 45 47 48 50 51 54 55 56 57 58 59 60 62 70 72 73 74 75 77 81 84 85 88 90 96 98 99 101 102 103 104 105 106 108 111 113 114 118 119 124 125 126 127 128 129 130 133 135 136 138 139 142 143 145 146 150 153 155 156 158 159 162 166 167 169 174 176 178 179 180 181 182 184 186 190 191 194 196
13 6 37 70 73 84 85 88 105 113 119 130 154 177
70 1 4 8 12 16 17 19 20 21 24 29 31 35 37 38 39 40 42 45 47 48 52 53 56 59 65 66 69 72 73 74 75 77 78 79 81 84 85 89 94 97 101 103 111 118 119 120 121 129 134 135 138 139 144 150 151 154 159 164 167 172 174 177 182 183 184 186 189 190 191
99 1 5 6 7 10 11 12 15 16 17 18 23 24 25 26 28 29 30 31 32 36 37 38 40 42 43 44 45 46 50 51 53 58 60 64 65 66 67 68 69 70 71 77 79 84 85 88 89 90 95 97 99 102 104 105 106 110 113 114 117 119 121 125 126 132 133 134 136 137 138 139 140 141 143 144 146 148 153 155 156 158 165 166 171 172 173 174 175 178 180 182 184 186 189 191 196 197 198 200
34 2 12 19 20 27 37 38 40 44 68 78 81 84 96 98 100 103 105 107 108 113 118 119 121 130 148 158 169 173 179 182 184 193 196
44 17 27 33 35 37 39 40 42 44 47 50 53 55 81 85 88 92 94 96 100 101 105 107 108 114 118 120 121 128 129 133 138 144 146 149 159 160 169 173 178 182 184 190 193
33 6 12 19 27 33 36 39 40 44 52 66 70 78 85 86 87 96 100 103 104 105 113 114 118 119 129 130 148 179 182 184 193 196
49 2 6 16 17 19 27 33 35 37 38 44 50 56 68 70 73 74 78 81 86 87 89 92 94 96 100 103 105 107 108 114 118 119 121 130 133 137 138 144 152 158 160 162 174 181 182 184 190 197
97 1 2 3 8 12 15 16 17 18 19 21 22 24 25 26 28 29 31 33 35 36 38 39 40 42 43 50 52 58 60 66 67 69 70 73 76 81 83 84 85 88 92 93 94 96 97 99 100 101 102 103 104 107 109 111 117 119 120 125 126 128 129 131 133 134 138 139 143 146 149 152 153 155 156 157 158 159 160 161 165 166 170 171 172 174 178 180 182 184 186 189 190 191 194 195 197 198
26 12 27 33 36 39 40 52 56 70 78 85 86 87 88 89 96 100 113 118 119 144 148 154 158 177 193
55 4 5 6 12 16 19 20 24 29 35 52 53 55 56 65 68 69 72 73 74 84 85 86 87 92 96 100 101 103 104 105 107 110 113 114 118 120 121 126 129 134 139 141 146 148 149 152 159 160 162 173 181 183 184 197
42 2 16 27 31 35 37 38 47 53 65 66 69 70 74 78 85 88 92 94 101 104 105 108 119 120 128 130 133 137 148 149 150 152 154 160 162 174 177 179 182 184 197
75 1 4 5 8 12 16 20 21 23 24 30 31 33 34 36 40 47 49 54 55 56 58 64 66 68 70 72 73 74 75 76 78 85 92 94 96 107 108 110 114 115 118 120 121 124 128 131 134 137 139 140 141 143 145 149 150 152 153 162 163 169 171 172 175 177 180 182 183 184 191 194 195 196 199 200
9 12 33 40 52 84 85 88 105 113
26 6 12 19 33 37 40 50 56 66 70 73 84 85 87 88 89 100 113 119 121 152 154 169 184 193 196
34 2 6 16 19 35 36 39 42 50 56 66 70 73 78 79 84 86 89 98 105 108 113 118 119 121 130 138 148 152 154 179 182 184 190
87 1 3 4 5 7 11 12 15 17 19 20 21 24 27 29 30 31 33 34 35 37 43 45 47 48 49 52 53 55 59 60 63 64 65 66 68 70 72 73 75 76 77 81 84 85 88 89 92 94 103 105 108 109 111 113 114 119 127 129 132 133 137 142 144 148 149 152 153 154 156 160 164 167 169 170 172 173 175 180 181 182 184 186 189 191 195 199
29 6 27 33 36 37 38 50 52 70 81 86 87 88 89 96 98 100 104 113 119 129 144 148 152 154 158 169 184 193
85 1 2 5 12 14 16 19 20 22 24 25 27 29 34 35 38 39 40 41 45 48 50 52 53 56 58 60 63 66 67 69 70 73 74 78 84 85 88 90 97 99 103 104 107 109 110 114 115 119 120 121 124 125 126 127 131 132 133 134 135 136 137 138 139 140 145 152 153 154 156 158 160 162 165 167 170 172 175 176 178 180 189 193 195 199
56 8 16 17 24 31 36 38 40 42 44 50 51 52 65 68 70 74 79 86 89 98 100 103 108 111 113 114 119 120 121 125 126 129 137 138 144 148 149 151 154 158 160 162 167 169 172 174 177 178 179 181 186 190 193 196 197
41 2 5 6 8 12 17 19 20 33 35 44 52 55 56 58 70 78 79 86 87 89 92 96 103 104 105 107 110 114 129 130 144 148 152 162 169 177 179 193 196 197
47 2 5 12 17 27 33 35 38 39 40 42 43 47 56 65 66 68 73 78 85 88 92 94 96 97 98 100 108 118 120 121 125 129 130 144 146 152 154 159 160 162 167 179 181 183 190 196
85 3 5 9 11 14 15 16 19 21 22 23 24 25 27 28 29 30 34 40 42 43 44 45 46 47 48 52 53 54 58 60 63 64 65 70 76 80 81 83 85 86 89 90 94 97 99 101 104 106 107 109 114 115 118 122 123 125 133 134 135 139 141 143 145 150 151 152 156 157 159 160 163 168 170 172 173 175 179 182 183 186 195 196 198 199
42 2 5 8 12 19 27 40 53 55 56 58 66 69 70 81 84 86 87 89 92 94 96 100 101 103 105 107 108 113 114 120 129 136 138 144 146 148 150 152 159 183 193
62 4 5 8 12 15 16 17 19 24 27 29 31 33 36 37 40 42 43 47 51 53 55 56 58 65 68 72 74 78 79 81 84 85 86 94 97 98 100 101 104 105 113 114 117 118 126 129 130 133 136 144 148 154 160 172 173 175 178 184 190 196 197
31 6 12 20 32 33 36 38 39 40 52 56 66 73 78 81 96 98 100 103 104 113 118 121 129 148 152 154 177 179 182 196
4 12 33 56 177
38 2 5 24 29 42 44 47 53 56 65 66 70 72 74 79 81 87 88 92 96 103 104 107 110 113 117 118 120 121 126 129 134 148 160 162 177 179 181
40 2 5 8 19 20 27 33 36 37 38 44 50 58 78 81 85 86 87 89 96 105 107 108 113 114 118 121 130 138 148 149 150 154 162 169 177 179 181 182 193
26 6 19 20 27 33 37 38 40 66 70 78 89 100 104 105 113 114 118 119 121 130 169 177 182 184 193
79 4 5 6 10 11 12 15 16 17 19 23 24 25 27 29 30 33 36 37 40 44 45 48 50 51 56 58 59 60 63 64 66 67 73 74 75 79 83 85 88 89 93 94 97 100 103 105 109 114 121 124 127 128 130 132 134 138 141 144 146 149 150 151 153 159 163 165 175 177 178 179 180 183 186 189 193 195 196 197
50 6 8 12 16 19 31 33 35 36 37 38 43 52 55 58 69 78 81 84 85 86 89 92 94 98 100 101 108 113 118 121 129 133 134 136 137 144 146 148 149 154 159 162 167 173 177 179 181 190 196
41 2 5 6 20 31 35 36 43 52 55 69 70 73 74 87 92 98 107 108 113 118 119 121 128 129 130 134 136 137 144 146 148 149 154 158 160 173 177 184 193 196
9 12 33 56 66 85 88 96 113 177
83 1 5 7 10 11 12 16 20 21 23 25 28 30 40 41 44 45 50 51 52 55 56 57 58 59 62 63 68 69 74 75 78 81 83 85 86 87 88 90 92 94 97 99 105 106 107 108 109 111 114 115 120 126 129 130 131 132 133 135 137 142 143 145 146 153 154 156 158 159 160 162 163 165 177 179 180 181 189 190 195 196 197 199
89 2 5 6 7 11 14 17 19 20 21 22 25 26 29 30 33 36 38 39 43 52 53 55 56 62 65 67 69 73 76 77 85 86 89 93 94 97 104 105 106 107 111 114 115 121 130 132 133 136 138 139 144 145 146 148 151 153 154 156 157 158 163 165 166 167 169 170 171 172 173 174 175 176 177 178 179 180 181 182 183 186 189 190 191 193 194 195 199 200
16 6 12 38 56 66 70 73 113 114 118 130 144 154 177 193 196
6 56 85 88 105 121 144
84 1 3 6 10 14 15 17 19 20 27 31 32 34 35 37 39 40 41 42 43 44 46 47 52 54 55 58 63 64 68 69 71 74 75 76 83 84 86 87 92 93 94 95 97 99 102 104 105 106 109 111 115 118 120 124 125 127 129 133 136 139 144 149 151 155 159 161 165 167 169 170 171 177 179 180 184 190 191 193 194 195 197 198 199
47 5 6 8 12 19 20 33 35 36 37 40 50 52 58 66 70 73 78 79 81 85 86 87 89 92 96 98 103 104 105 108 110 113 114 119 130 136 137 144 158 169 173 179 182 190 193 196
80 1 2 3 7 8 11 15 16 17 20 24 29 30 35 37 42 43 52 54 55 56 59 60 63 64 66 67 68 70 72 73 76 83 85 86 87 88 89 92 97 98 101 105 111 113 114 115 117 118 119 121 124 126 130 135 136 137 144 150 151 152 153 156 158 159 160 162 167 169 174 177 179 181 182 184 190 191 193 194 196
52 5 16 17 19 27 36 40 43 50 55 56 66 69 70 73 79 81 84 85 87 88 92 96 98 100 101 103 104 107 113 114 118 119 130 133 137 144 146 149 152 154 158 159 160 162 174 177 182 184 193 196 197
28 6 17 27 33 37 38 40 50 52 66 70 78 81 84 87 88 98 100 105 118 130 154 158 169 179 182 190 193
78 1 2 8 15 19 21 23 24 34 37 38 39 41 43 45 47 48 52 53 55 59 65 67 68 70 72 74 76 78 79 81 84 87 92 93 97 100 103 104 107 108 114 115 117 119 120 124 126 127 128 130 131 132 133 136 137 140 143 146 151 153 159 165 170 171 174 178 180 181 182 184 186 189 191 193 195 197 200
37 2 12 17 19 20 36 37 38 44 55 66 73 78 79 84 85 88 89 92 96 103 104 105 107 110 129 130 137 138 148 160 173 174 177 182 190 197
34 2 5 12 19 20 36 37 40 50 66 68 69 81 86 105 108 128 129 130 133 136 137 138 144 148 152 154 162 173 179 181 184 193 197
46 2 6 8 12 16 19 20 27 33 35 37 38 42 44 47 50 52 56 68 70 73 78 79 84 87 100 103 107 108 114 118 119 120 121 129 133 136 149 150 152 154 160 173 177 179 184
5 12 66 73 86 88
17 6 37 39 52 56 66 84 85 86 100 114 144 152 154 177 182 196
24 12 19 39 44 50 52 66 70 84 85 86 89 96 100 104 113 119 121 130 144 177 182 184 196
79 1 2 5 6 7 8 16 17 24 29 30 33 35 36 37 39 40 42 43 45 47 51 53 55 56 58 60 65 70 72 73 81 84 87 89 93 96 97 100 105 107 108 109 113 115 118 120 125 126 128 129 131 132 134 136 141 143 146 148 149 150 151 152 153 158 159 160 162 163 167 169 172 174 181 183 186 190 193 195
56 2 5 6 12 16 17 19 20 33 44 50 53 55 56 58 68 69 72 74 84 86 92 94 97 100 101 104 105 107 113 114 118 120 125 126 128 133 136 138 144 146 148 149 150 151 152 154 158 167 169 174 182 184 190 193 196
99 1 2 3 4 5 6 7 10 14 18 19 20 21 23 24 26 27 28 29 31 32 33 34 35 37 40 41 43 46 47 48 49 53 54 56 57 58 59 60 62 64 65 67 68 71 74 75 76 78 79 81 90 92 93 94 97 100 101 102 103 105 108 109 110 114 115 118 123 124 128 129 131 134 137 138 140 141 142 148 150 151 152 155 158 164 165 167 169 171 172 174 177 183 190 192 193 196 198 200
99 2 3 4 6 8 12 17 21 23 25 26 27 28 29 32 36 37 40 41 46 50 51 53 58 60 61 62 63 64 65 66 70 71 72 73 74 75 77 79 82 84 86 87 91 92 93 94 98 100 101 104 105 106 110 111 113 114 116 120 121 125 128 131 132 133 139 141 142 143 145 146 147 152 154 155 156 158 162 164 165 166 167 168 170 171 175 176 180 181 182 183 185 187 190 191 192 197 198 200
17 12 19 33 52 56 66 84 85 89 100 105 114 118 121 130 154 196
81 2 7 8 11 15 17 19 23 27 34 42 43 44 45 47 48 49 53 56 64 65 67 68 69 70 71 73 74 75 76 79 81 83 84 85 86 87 93 96 97 100 101 103 104 105 108 111 113 114 115 117 118 121 128 129 131 132 133 134 135 139 141 146 148 149 150 151 152 153 154 156 159 160 164 175 177 178 181 196 197 200
15 12 33 37 40 73 84 85 89 96 113 119 121 130 177 182
59 2 8 11 17 25 27 29 33 36 40 42 43 44 45 48 51 52 53 54 56 68 69 72 74 75 78 88 92 101 103 105 108 111 113 120 125 126 127 128 137 138 139 141 146 149 150 151 152 154 158 164 167 169 175 182 183 184 189 195
73 1 6 10 12 15 17 19 23 29 30 31 34 35 36 37 39 45 47 48 50 51 52 55 56 58 72 73 75 79 81 83 84 89 93 94 96 98 100 104 108 109 110 115 118 119 124 127 130 131 135 136 141 146 148 149 151 152 159 160 164 165 167 169 172 173 174 175 178 180 181 186 189 190
0
84 1 2 6 8 12 15 17 21 29 31 33 36 41 43 45 50 51 52 53 55 56 58 64 65 66 68 69 72 74 76 78 83 84 89 92 96 97 98 100 101 103 105 107 108 110 113 115 117 124 125 126 128 129 130 133 135 136 143 144 149 152 153 154 156 158 159 160 162 167 172 173 174 175 177 178 179 180 181 189 190 191 193 196 197
60 6 8 15 16 17 27 33 35 37 39 40 43 44 47 50 52 53 56 58 66 69 78 84 89 94 96 98 100 103 105 107 108 113 117 119 121 125 126 128 129 130 133 137 138 139 141 144 146 148 149 150 154 158 159 173 179 182 184 193 196
91 1 6 7 8 14 16 18 19 20 21 23 32 33 35 37 38 41 45 47 49 50 55 57 59 60 63 68 70 73 74 75 76 77 78 81 82 83 86 87 92 94 101 103 105 106 109 110 111 114 116 117 118 119 121 125 127 129 131 132 133 136 137 138 143 144 145 148 150 152 155 157 158 161 162 167 169 171 172 173 175 178 179 180 181 184 191 193 196 197 199 200
52 2 4 6 17 20 24 34 36 39 40 42 43 55 56 65 66 69 72 73 74 79 89 92 94 98 101 107 108 110 111 118 119 120 121 129 130 133 136 138 139 146 150 151 154 159 173 175 181 183 186 193 195
13 12 52 56 86 89 96 105 118 121 144 177 182 196
88 1 4 5 6 10 12 16 23 30 31 33 37 38 40 44 46 48 49 50 51 52 53 54 55 56 58 63 64 67 70 75 79 81 87 89 90 91 92 94 95 97 99 101 102 103 104 105 106 108 110 111 114 116 117 119 121 130 131 132 133 136 138 144 148 149 151 153 154 155 156 157 160 171 173 174 175 176 177 178 180 183 191 194 195 197 198 199 200
52 6 12 15 16 17 19 29 31 36 37 38 40 43 44 52 53 55 65 66 72 73 78 84 86 88 89 94 96 97 100 101 103 105 108 118 119 121 129 133 134 137 138 139 141 144 148 150 154 160 178 184 197
30 2 6 27 37 40 50 52 78 81 85 88 98 100 104 107 110 113 114 121 129 130 144 148 152 154 158 173 179 182 196
76 4 7 11 12 15 16 17 20 23 27 33 38 39 40 48 51 53 55 56 58 59 65 67 68 69 72 73 77 83 84 85 86 87 92 94 100 101 105 110 111 113 115 118 125 126 127 129 131 132 133 135 136 137 138 139 144 146 149 151 152 154 156 160 162 163 167 169 172 175 178 180 181 182 183 193 195
18 19 33 52 66 73 84 85 86 88 96 105 119 121 130 144 154 177 182
8 52 66 84 85 86 113 184 196
42 5 17 19 27 33 37 38 39 42 47 68 69 73 87 88 92 94 96 100 103 104 105 107 108 114 121 129 133 138 148 150 158 160 169 173 177 179 181 182 183 184 190
41 2 6 16 17 20 31 33 35 37 39 47 50 52 55 66 74 78 81 84 85 86 89 94 98 104 105 107 108 114 121 128 138 144 149 160 179 182 184 190 193 197
67 1 4 6 10 19 20 33 34 35 36 37 38 39 42 44 52 54 55 58 59 65 68 70 72 74 81 83 84 85 87 92 94 100 108 113 117 119 120 126 127 128 129 130 132 133 134 135 138 139 151 158 159 160 169 172 173 174 175 177 178 179 181 182 183 186 190 193
28 2 6 12 19 27 33 36 37 38 44 52 70 84 86 88 89 100 103 107 108 114 118 119 154 173 184 193 197
44 5 12 16 17 31 37 38 39 40 42 50 58 73 74 78 79 81 84 85 86 87 88 96 98 113 114 118 120 129 133 134 144 148 149 152 154 158 162 169 173 177 182 183 193
75 4 6 10 11 12 16 21 25 27 29 30 33 35 36 37 39 42 47 50 52 54 63 65 66 68 69 73 75 77 85 87 93 94 96 100 101 103 104 108 111 113 115 117 118 119 120 121 124 125 129 131 132 133 134 137 144 146 148 150 154 158 162 172 173 177 178 180 182 183 189 190 191 196 197 199
23 12 19 36 37 40 50 56 78 81 85 88 104 105 129 130 148 154 158 177 182 184 193 196
64 4 8 10 11 12 15 17 19 20 24 29 34 37 38 39 44 50 51 53 56 66 70 72 73 74 87 89 94 96 97 98 100 103 104 111 113 119 121 125 127 128 129 131 133 136 141 146 148 149 151 152 154 159 160 167 169 174 175 177 181 182 183 193 195
5 12 33 105 113 177
60 4 12 16 19 24 27 29 31 36 37 38 40 43 44 47 50 53 55 56 58 65 66 68 73 74 78 79 89 94 101 103 104 105 108 110 111 114 117 118 121 125 134 136 137 138 139 141 146 149 158 159 160 173 177 178 182 186 193 195 197
2 73 86
7 12 33 66 73 105 113 177
23 12 19 33 36 37 40 50 52 66 70 73 85 86 89 96 100 119 130 169 177 184 193 196
94 1 3 4 5 6 7 8 10 11 12 19 20 22 24 25 27 29 33 34 35 36 37 40 42 43 45 48 49 55 56 57 60 62 64 65 67 68 71 73 74 75 76 77 78 83 84 85 86 87 88 89 90 92 98 99 100 102 103 110 118 121 125 126 127 128 129 130 134 136 137 139 140 143 144 152 154 155 157 158 162 163 164 169 170 171 172 177 178 179 181 182 184 190 197
71 2 4 5 6 8 12 15 17 20 27 31 33 36 39 40 42 44 50 51 52 54 56 58 59 65 66 68 70 74 75 78 81 84 85 86 87 88 96 97 103 105 107 108 110 111 114 120 125 128 129 130 136 137 141 149 150 151 154 162 164 172 173 175 177 178 179 181 182 183 186 195
43 2 6 8 12 19 20 33 35 36 37 39 40 50 52 56 66 73 78 81 87 88 89 96 100 103 104 105 110 118 129 148 152 154 158 162 169 173 177 179 190 193 196 197
8 40 52 56 86 121 144 154 196
89 1 3 4 10 11 12 15 17 19 20 21 23 24 25 29 30 31 33 34 36 37 39 40 43 45 47 48 53 54 56 58 60 64 65 66 67 69 70 74 76 84 85 86 87 88 89 92 93 97 98 99 100 103 104 107 110 111 114 115 118 119 125 126 128 131 135 137 138 139 143 144 148 149 150 151 154 156 160 172 174 179 181 183 186 193 194 195 197 200
51 6 16 19 20 33 35 38 39 40 42 66 68 69 70 73 74 78 79 85 86 87 88 89 94 97 98 100 104 105 110 114 118 119 120 125 134 136 137 138 146 149 150 151 159 162 173 179 182 184 193 196
57 2 4 5 8 15 16 43 44 45 50 51 53 54 55 56 69 73 74 78 81 84 86 88 89 94 96 101 103 107 108 113 117 119 120 121 128 129 134 136 137 138 139 141 148 149 150 151 154 159 164 169 172 177 178 183 190 197
61 5 6 8 12 17 19 20 24 27 29 31 36 38 40 42 50 52 66 68 69 72 73 74 78 85 87 89 92 96 103 104 105 107 110 113 118 119 128 129 130 136 138 144 146 149 150 151 152 154 158 159 173 174 177 179 181 182 183 190 193 197
38 2 6 8 12 19 27 36 38 44 52 56 66 68 73 79 81 85 87 89 98 100 104 105 108 113 121 129 130 144 149 152 154 162 169 173 181 193 197
68 2 4 5 8 12 15 16 19 20 29 31 35 37 39 43 44 48 50 55 56 65 66 67 68 73 74 75 77 78 81 84 86 87 92 94 98 100 105 107 108 111 113 114 117 118 126 127 128 130 134 135 137 141 144 146 150 151 154 159 162 173 174 183 184 186 189 195 197
80 1 2 3 4 6 7 8 10 11 12 17 19 20 21 22 34 41 42 43 45 47 49 50 52 53 57 58 59 60 63 64 68 69 71 72 75 78 79 88 92 96 98 99 107 109 111 115 119 120 121 128 129 135 138 141 143 145 148 151 153 155 158 160 163 164 166 170 171 172 173 175 176 179 180 181 182 184 189 191 199
8 12 19 40 66 86 177 182 196
65 4 6 8 11 12 16 17 20 27 33 37 39 42 44 51 53 54 55 56 59 65 68 69 70 73 74 78 85 86 88 89 92 96 100 101 103 104 107 108 110 113 114 117 120 125 131 133 137 144 148 149 150 152 158 159 164 169 172 175 177 179 181 184 186 193
85 1 2 3 8 11 12 17 21 25 30 33 35 37 38 40 42 43 45 47 49 50 54 59 63 68 69 73 79 81 84 85 87 89 93 94 98 101 104 107 109 110 115 118 119 124 125 126 127 128 129 130 131 132 133 136 137 138 139 143 149 151 152 153 154 159 164 165 169 173 174 175 178 179 181 182 183 184 189 190 191 193 194 195 196 199
57 2 5 8 15 19 27 29 33 36 37 39 40 44 47 53 55 56 58 65 68 70 72 73 78 79 81 85 87 88 89 92 94 96 100 104 113 117 118 121 125 133 137 138 141 146 148 150 152 154 169 174 178 181 182 193 196 197
76 1 2 3 5 6 10 15 17 20 23 24 33 35 37 40 45 48 50 51 53 55 58 59 60 64 69 73 75 81 83 85 88 89 93 98 101 104 107 109 110 111 113 117 119 120 121 125 128 135 136 137 138 139 146 148 152 153 154 156 163 164 165 173 174 175 177 179 180 181 183 184 186 189 191 197 199
81 1 5 6 7 8 10 11 15 16 19 21 28 29 31 34 35 36 38 42 48 50 51 53 54 58 65 67 71 73 74 75 76 77 84 85 94 98 100 103 104 105 110 111 115 117 125 126 127 128 129 131 132 133 135 136 137 140 143 144 145 148 152 153 158 160 162 165 170 172 175 177 180 181 184 189 190 194 196 197 199 200
85 2 4 5 6 11 16 17 19 20 22 23 29 31 33 36 37 38 41 43 47 49 50 52 53 54 59 60 66 67 69 72 76 78 79 81 83 86 87 92 93 99 103 104 105 108 110 113 124 126 127 128 129 130 135 136 137 138 141 142 144 149 150 153 154 156 158 159 170 172 173 174 175 177 178 181 183 184 186 189 190 194 195 197 199 200
80 1 2 3 4 5 8 11 15 19 23 24 25 30 34 38 39 40 42 43 44 47 48 50 52 53 56 59 60 67 69 70 72 75 77 78 81 83 84 87 89 92 98 101 103 107 111 113 114 115 117 118 124 125 130 131 132 133 137 138 146 148 151 152 154 158 162 163 164 167 172 173 174 177 181 182 184 189 191 193 196
41 6 12 17 20 27 35 37 38 39 40 44 50 56 68 70 73 78 81 84 86 87 88 89 100 114 121 129 130 138 144 154 162 169 173 177 179 182 184 190 193 197
63 1 4 8 11 12 15 16 17 21 27 29 31 33 35 36 37 40 43 45 48 52 55 56 58 72 74 84 86 87 88 89 92 94 98 101 105 108 110 113 120 124 126 131 134 135 138 144 148 149 150 151 152 162 164 167 177 179 183 184 190 193 196 197
61 2 6 12 15 17 19 20 21 24 25 27 30 31 35 38 42 44 47 50 52 54 56 58 59 65 68 69 70 73 75 88 89 94 96 97 98 101 110 114 120 124 125 127 128 130 135 136 137 141 148 149 150 160 162 167 175 177 182 183 184 195
44 2 5 6 8 20 33 36 37 39 52 55 66 69 70 73 78 81 86 87 89 92 98 103 105 107 113 118 119 121 136 144 148 149 152 154 160 173 174 179 181 182 193 196 197
7 12 66 73 88 96 113 177
2 73 86
18 6 12 37 39 50 66 86 89 96 100 113 114 118 119 121 144 148 196
79 1 2 3 5 10 16 19 20 21 27 29 30 31 33 35 39 41 42 44 48 50 51 52 53 56 59 60 65 66 68 73 75 76 77 79 81 84 85 87 92 93 94 100 104 105 108 111 115 117 124 125 126 130 132 133 134 135 137 141 146 148 153 158 159 164 165 167 169 172 173 174 175 177 179 180 183 186 195 196
44 6 8 12 16 19 24 27 35 40 43 44 52 55 66 70 78 79 92 97 98 100 101 103 105 108 113 118 119 120 133 134 136 137 138 148 152 158 159 162 174 177 179 181 190
7 66 73 86 88 96 113 177
64 1 2 4 5 10 11 12 15 17 19 20 24 27 29 31 33 37 38 39 42 43 44 45 47 50 51 54 56 73 74 78 79 83 84 85 86 87 88 89 92 94 97 111 113 117 125 126 127 128 130 132 136 148 149 152 154 158 159 160 164 174 182 193 196
17 12 33 37 40 56 73 89 96 100 105 118 121 130 144 154 177 182
42 2 8 35 37 40 50 52 55 56 66 70 73 79 87 88 89 92 96 98 100 103 105 113 118 129 130 133 136 137 138 148 149 152 160 169 173 177 181 182 183 193 197
40 12 16 17 19 20 36 40 42 44 50 58 70 81 84 85 87 88 89 96 98 103 107 113 114 118 119 129 136 137 149 150 158 169 177 182 184 190 193 196 197
72 1 2 5 10 12 15 16 17 19 24 25 29 31 34 35 36 37 38 39 42 43 45 52 68 70 73 74 78 86 87 96 97 100 101 103 107 108 111 113 117 118 119 121 124 125 126 129 132 133 135 137 138 149 150 152 154 162 167 169 173 174 177 178 181 183 184 186 189 190 193 195 197
59 2 12 17 19 20 24 31 33 35 37 38 40 42 43 44 47 50 55 58 65 66 72 73 78 84 87 94 96 97 100 103 107 110 114 118 119 121 125 126 128 130 133 136 137 138 139 141 144 149 151 158 162 169 173 177 181 182 190 193
10 33 40 73 85 86 88 96 105 144 177
55 6 8 12 16 20 24 31 33 36 38 39 40 44 51 54 58 70 78 79 89 92 94 96 97 98 100 110 114 117 120 128 129 130 133 139 144 150 151 152 158 159 160 162 167 172 174 175 182 184 186 190 193 195 196 197
0
13 19 37 40 52 56 84 86 89 96 118 144 177 196
76 1 2 4 6 11 15 16 17 19 21 25 29 31 33 34 35 36 39 42 43 45 47 50 51 52 53 55 58 66 67 72 73 75 77 79 81 84 85 88 89 98 101 103 105 108 110 111 114 117 120 121 124 128 129 130 132 134 138 144 146 158 159 160 164 169 172 173 174 175 179 180 184 189 191 195 199
54 2 6 8 31 36 37 38 40 42 43 50 56 65 66 74 81 84 86 88 94 97 98 103 104 105 107 108 110 113 114 120 121 128 129 130 133 134 137 138 146 149 150 154 158 159 160 162 169 174 177 179 181 182 197
60 2 4 5 12 15 16 20 27 29 31 33 35 36 38 40 43 50 51 55 72 74 78 79 84 85 86 87 88 89 100 101 103 105 107 108 113 114 117 118 119 120 121 126 134 138 144 148 150 152 154 159 160 162 169 174 177 178 182 193 197
30 17 19 20 35 36 38 39 40 44 68 78 79 81 84 85 88 96 98 100 104 107 114 118 144 148 152 158 169 193 197
32 6 8 12 33 35 36 37 39 40 44 52 70 73 81 84 86 87 88 103 105 118 121 130 138 148 152 154 169 179 190 193 197
29 6 12 27 33 36 37 38 39 40 66 70 73 78 84 86 100 103 104 105 107 108 110 114 130 144 158 179 184 193
28 6 20 37 38 40 56 73 78 81 84 85 86 87 89 90 100 113 114 118 119 121 129 130 169 182 184 193 196
56 2 6 8 12 16 17 27 29 36 39 40 43 47 52 54 56 58 65 70 79 84 86 87 88 92 94 98 101 104 105 107 108 113 114 120 125 126 128 129 134 139 141 144 149 150 152 154 159 162 172 173 174 175 181 182 193
56 6 8 12 17 20 27 31 33 37 38 39 40 42 43 44 50 53 58 66 70 73 74 79 81 84 87 94 96 100 103 104 105 107 108 113 114 119 120 129 130 134 136 138 144 146 148 149 158 160 162 169 174 177 179 184 190
24 12 19 33 39 40 50 56 66 70 84 89 100 103 104 113 118 119 121 144 148 169 177 184 196
0
81 1 3 4 11 12 15 16 17 19 23 24 29 30 36 37 38 40 41 42 43 50 52 53 55 56 58 64 66 68 69 70 73 74 75 78 83 85 88 92 93 94 98 103 104 108 109 110 113 118 120 121 124 125 126 128 129 130 131 134 138 139 142 143 144 148 151 152 153 158 159 167 169 170 174 177 181 190 191 193 196 197
10 12 33 40 56 66 73 88 105 144 177
68 1 2 6 8 10 11 15 19 20 24 25 27 30 31 35 36 37 38 39 43 44 45 48 50 52 54 59 65 73 78 79 81 84 85 86 94 97 100 101 105 113 114 117 119 121 126 127 128 129 130 136 139 144 146 150 151 158 159 160 162 169 182 183 186 189 193 196 197
26 6 38 40 44 52 66 73 78 81 85 89 100 104 113 119 121 129 144 148 158 169 173 177 179 182 196
12 6 33 50 56 70 84 86 89 104 113 114 119
105 1 2 3 6 7 10 11 15 17 19 21 24 25 26 27 29 30 33 38 39 40 42 44 46 47 48 49 50 53 55 59 60 62 69 70 71 72 74 77 79 81 83 84 85 90 91 92 93 94 98 99 101 106 107 108 113 114 115 120 121 124 125 128 129 130 134 135 137 138 139 141 142 143 144 146 148 149 150 152 153 158 163 164 165 167 168 169 170 171 172 173 174 178 179 180 181 183 184 189 190 192 193 195 196 197
75 1 2 6 8 15 17 20 24 25 27 29 30 31 33 38 42 44 45 50 51 52 55 58 59 63 66 67 69 70 73 77 81 83 86 88 92 93 94 98 103 109 113 114 118 120 121 126 128 129 132 133 134 135 136 137 139 144 150 154 159 162 164 167 169 172 173 175 178 180 181 184 186 189 190 191
27 17 19 36 37 40 42 50 56 68 73 79 81 87 96 107 108 119 128 130 138 148 150 158 162 173 193 196
18 6 12 37 39 52 66 85 89 96 100 114 119 130 144 154 169 177 182
66 1 4 10 11 12 15 16 17 19 24 34 39 43 47 50 52 53 54 56 68 70 73 79 84 85 86 87 89 92 97 101 107 108 110 111 113 114 117 118 119 120 126 128 129 130 134 135 136 138 141 144 146 150 151 152 154 160 172 174 175 177 181 186 190 195 197
76 3 6 7 12 21 24 27 29 30 31 35 36 39 40 47 50 52 53 54 55 56 65 67 72 73 75 77 79 83 84 85 88 92 94 101 104 107 108 109 111 113 114 117 120 121 125 128 129 131 132 133 134 135 136 139 141 144 148 149 152 154 158 159 160 165 172 173 174 177 179 180 181 182 186 193 199
84 1 3 4 8 12 16 17 20 21 27 29 30 31 35 38 40 43 45 47 51 52 54 55 56 59 60 63 65 66 67 69 81 83 85 86 89 94 96 97 98 100 103 105 108 109 111 120 124 127 128 129 130 132 133 134 135 137 139 143 144 146 149 152 153 154 158 160 164 165 170 172 173 174 175 177 179 180 182 184 189 191 194 196 197
60 2 4 6 15 16 19 24 33 35 36 38 42 47 53 55 56 65 66 69 74 78 81 84 85 86 87 89 92 94 96 97 98 100 105 107 108 110 114 118 121 125 128 130 133 134 137 138 144 148 152 158 160 162 169 177 182 183 184 186 190
93 5 11 14 17 23 25 26 27 28 29 32 34 36 41 44 45 47 49 50 51 52 54 55 60 64 65 68 69 72 73 74 75 78 80 82 84 86 87 91 93 94 95 97 99 102 103 104 108 111 114 117 118 120 124 125 126 130 131 132 133 134 135 136 137 139 142 144 145 146 147 148 153 155 156 159 160 161 162 163 166 168 170 171 174 176 178 179 181 182 183 185 192 198
38 2 8 17 19 27 36 38 39 42 44 50 52 55 56 68 70 81 84 88 92 94 98 100 104 108 110 114 119 128 129 137 138 144 152 162 177 190 193
41 5 8 17 35 36 37 38 39 40 52 68 70 73 79 84 85 86 87 88 92 96 103 104 105 107 110 113 114 118 129 130 138 144 148 149 154 162 169 177 193 197
65 4 5 6 10 12 27 31 33 37 39 40 45 47 52 53 56 58 65 66 68 70 72 73 75 79 86 89 92 94 97 98 100 101 105 107 108 111 113 117 125 127 132 133 135 137 138 141 144 146 148 149 151 152 158 160 162 169 174 175 181 183 184 186 193 196
75 1 2 6 10 12 15 20 27 30 33 36 38 42 43 45 47 48 50 52 54 59 66 68 69 75 77 79 81 84 87 92 96 97 101 103 105 107 110 113 115 118 119 121 124 126 127 130 131 132 133 134 138 139 144 146 148 151 159 160 164 169 172 173 175 178 179 183 184 186 189 190 191 193 195 197
17 6 37 39 40 52 56 85 88 113 119 130 144 148 169 177 182 184
22 19 37 40 44 52 56 70 84 85 86 87 96 104 105 129 130 144 169 177 184 193 196
89 2 3 4 5 6 10 11 12 14 22 23 28 30 31 35 40 44 47 49 50 51 53 54 56 58 59 62 63 64 65 67 71 72 73 74 81 84 86 87 88 89 92 93 94 97 99 103 107 108 109 111 114 115 117 124 126 132 134 137 141 142 143 144 149 150 151 154 155 156 157 159 160 162 167 169 171 175 176 179 181 182 183 186 190 194 196 197 199 200
8 12 66 73 86 88 96 105 177
10 52 84 105 121 130 144 154 177 184 196
62 2 5 8 12 16 17 19 24 27 33 34 36 37 40 42 47 50 52 53 54 59 65 66 69 72 75 78 81 87 88 89 92 96 97 98 101 104 110 111 113 118 121 125 126 127 129 133 136 144 146 148 160 162 164 169 180 181 182 183 184 189 199
50 2 16 19 24 35 37 40 44 47 50 55 56 58 65 66 70 81 84 85 86 89 94 97 104 107 108 118 119 120 121 129 130 134 136 137 138 144 146 148 149 150 152 154 160 162 167 173 183 196 197
36 2 6 8 19 27 35 36 37 38 40 50 56 66 70 73 85 87 89 96 98 100 105 114 119 121 129 130 154 162 169 179 182 184 190 196 197
59 2 4 6 10 15 16 27 33 34 36 37 38 39 43 45 50 55 56 58 59 69 70 78 85 88 89 92 94 100 101 103 105 107 110 111 113 117 118 125 126 129 131 133 134 138 139 141 144 149 150 162 169 174 177 183 184 186 190 195
85 1 4 7 10 11 12 15 17 20 24 25 27 28 31 33 35 36 38 41 42 51 52 54 55 56 59 60 63 64 67 75 76 78 79 81 84 86 90 92 93 97 102 104 107 114 115 117 120 121 124 126 130 131 132 135 137 140 142 143 144 146 148 149 153 154 156 157 158 159 163 164 167 169 171 174 176 177 179 181 182 186 193 195 199 200
64 2 8 10 19 24 27 31 33 34 35 36 38 39 45 47 50 51 56 68 69 70 74 79 81 84 85 89 94 98 100 101 103 111 117 119 121 125 127 128 130 133 139 146 149 151 158 159 162 164 169 172 173 174 175 177 178 179 182 183 190 193 195 196 197
97 4 7 10 15 16 19 20 22 25 26 27 28 29 30 33 36 38 39 40 42 43 44 45 51 53 54 56 57 64 67 68 69 70 71 72 73 76 88 93 94 95 96 97 98 99 100 102 106 110 116 121 125 126 127 129 131 133 134 135 136 137 138 142 144 145 146 148 149 153 155 156 157 158 159 160 161 164 165 167 168 169 171 172 176 177 179 182 186 189 190 191 192 196 197 198 199 200
91 3 6 10 14 17 19 20 21 22 29 30 31 35 36 37 39 41 49 50 51 55 57 58 59 60 62 63 64 67 69 70 71 72 75 78 79 81 82 85 92 94 95 96 97 98 99 102 103 106 107 108 110 111 114 115 120 123 124 125 127 132 136 137 139 140 141 142 143 144 145 146 151 154 157 161 162 163 164 174 175 177 178 179 180 183 186 189 190 193 194 200
33 2 6 20 27 33 35 36 37 39 40 42 50 52 56 68 70 73 79 84 89 96 98 100 103 104 107 114 129 138 154 169 182 193
58 2 5 15 16 17 20 31 34 36 40 42 44 47 50 51 52 56 58 65 70 73 74 86 87 88 97 101 103 104 105 107 110 111 113 118 119 120 121 125 128 133 136 139 149 154 158 167 172 174 175 177 179 181 182 184 193 195 197
80 3 4 7 8 12 17 20 21 23 24 25 28 29 30 31 35 36 37 39 42 47 48 49 51 52 53 56 63 66 67 69 71 75 77 79 83 84 86 87 88 89 90 93 96 97 103 105 107 113 114 118 125 127 128 131 134 135 137 139 142 143 148 151 152 153 154 156 157 158 163 165 179 180 181 182 184 189 195 197 200
15 19 40 52 56 73 84 86 89 100 113 130 148 154 182 184
9 40 66 85 89 119 121 144 182 184
63 1 2 5 10 11 16 20 24 27 31 33 34 35 36 37 43 44 47 51 52 55 58 59 66 73 75 78 81 85 86 87 89 96 105 107 110 113 119 120 126 127 128 129 130 136 137 138 139 141 144 162 164 167 169 173 177 178 179 184 190 193 195 196
70 2 8 10 17 19 25 30 33 34 36 38 39 42 43 48 50 52 53 54 56 63 67 69 70 72 74 79 81 84 85 86 87 92 94 96 97 98 100 103 104 107 113 114 119 120 121 128 129 131 133 134 136 141 146 151 154 158 164 167 169 173 174 177 181 182 184 186 189 191 199
61 1 10 16 19 24 29 34 38 39 40 43 45 51 52 53 54 55 56 58 59 69 79 81 87 88 92 96 104 105 108 111 114 121 124 125 128 130 131 133 134 137 138 141 144 146 149 150 152 154 158 159 162 167 172 173 175 177 182 183 186 189
94 1 2 3 4 5 6 8 10 11 12 14 16 21 23 25 29 34 35 39 41 42 44 45 47 49 51 54 57 59 60 66 70 71 72 76 78 79 81 87 89 91 95 96 97 98 99 105 106 107 108 110 113 114 117 118 121 124 126 127 128 129 134 135 136 137 139 141 145 146 149 151 152 156 157 158 159 160 162 164 165 166 167 170 171 172 174 175 176 178 179 183 191 199 200
12 12 19 56 66 70 86 96 113 114 130 144 177
94 8 9 11 12 14 15 16 19 20 22 24 26 27 28 29 30 31 33 34 35 37 38 39 40 45 46 50 51 52 53 54 58 64 65 66 72 74 76 77 79 80 81 83 85 87 88 91 93 94 98 99 100 102 103 105 107 113 114 115 116 120 121 122 124 125 126 127 129 132 133 140 142 143 149 150 151 154 159 164 166 172 173 176 177 178 180 181 183 190 192 193 194 198 199
27 6 33 36 39 40 52 70 78 84 87 89 96 100 104 113 114 118 121 148 152 154 158 169 177 182 184 193
52 2 5 6 8 16 17 19 27 31 36 37 40 42 50 52 53 55 65 68 69 70 74 79 81 85 101 104 105 107 108 110 114 119 121 125 128 129 133 134 136 137 138 144 149 158 174 178 183 190 193 196 197
96 4 6 9 10 11 13 14 15 19 20 21 25 26 28 29 30 35 37 38 39 40 41 42 44 45 46 47 49 50 52 53 56 58 59 62 65 66 68 69 71 74 76 77 80 81 82 83 87 88 95 97 99 100 102 105 110 112 113 118 119 121 125 127 128 130 131 132 133 134 136 140 143 144 145 147 151 152 154 155 156 158 161 162 163 166 167 176 178 179 180 184 188 193 195 199 200
38 2 5 6 8 12 16 19 20 37 38 44 50 55 56 66 79 85 87 89 92 96 98 100 103 105 107 113 114 118 136 144 150 154 158 162 179 181 182
73 6 11 16 23 27 29 33 34 36 37 38 40 47 52 53 54 55 56 59 60 63 65 66 67 69 70 73 74 78 85 86 92 93 94 97 98 100 101 103 109 111 113 117 120 124 125 126 131 133 134 135 139 141 146 148 150 151 152 153 154 160 162 167 172 173 174 179 181 183 186 190 191 195
10 12 40 56 85 89 96 105 113 154 177
5 12 56 66 86 144
90 1 2 3 4 5 10 14 15 17 19 22 29 36 40 45 46 48 50 51 54 58 64 65 66 67 68 70 74 77 79 83 84 86 87 89 90 92 93 94 97 98 100 101 102 103 105 107 109 110 111 113 116 119 120 121 124 127 131 133 134 135 136 140 141 143 144 145 146 149 150 152 154 155 157 158 159 165 166 169 170 172 174 175 177 180 183 184 189 197 200
24 37 38 40 50 52 56 66 68 70 78 81 86 88 98 104 114 119 121 129 130 144 169 173 179
2 73 96
93 1 2 4 7 8 12 14 16 17 19 20 22 23 24 25 27 28 31 33 36 38 40 42 43 44 47 50 54 58 60 62 63 64 65 68 71 77 84 86 88 96 99 101 102 108 109 110 111 113 114 124 126 127 128 135 137 138 139 140 141 142 143 144 146 148 150 152 154 156 157 158 160 162 165 167 169 170 172 175 176 177 178 179 180 189 190 191 193 194 196 197 199 200
31 5 6 19 33 36 37 40 44 50 52 66 68 70 78 79 87 88 100 103 113 128 138 149 154 162 177 179 182 190 193 196
22 12 36 37 38 50 86 87 89 98 103 104 105 110 121 130 138 148 149 158 169 179 197
86 1 2 3 4 5 7 8 10 12 15 19 20 21 23 29 30 31 34 35 39 40 44 45 47 51 53 54 63 64 65 66 67 68 69 70 72 73 75 77 81 85 87 88 89 93 94 96 97 99 100 103 108 109 115 118 119 121 125 126 128 131 134 138 139 143 146 148 150 151 154 156 159 160 164 165 169 171 173 177 183 190 193 194 196 197 200
29 12 33 35 42 44 55 56 84 87 88 94 104 105 113 118 119 120 129 130 148 149 152 169 174 179 184 190 193 197
84 1 2 3 5 7 11 12 15 17 20 24 25 29 30 34 37 38 40 44 45 47 51 53 54 55 59 60 63 64 65 66 67 71 72 74 75 79 85 86 87 89 93 96 97 98 99 103 104 105 107 109 111 114 115 117 119 120 124 126 128 130 135 137 139 142 144 146 148 149 151 153 158 162 165 167 169 170 174 177 182 190 191 193 196
27 12 17 19 27 38 44 50 56 70 86 87 89 100 103 104 105 129 130 148 152 158 169 173 177 179 182 184
35 2 6 27 36 37 38 40 44 50 66 78 84 87 88 89 104 107 108 110 114 118 119 129 130 144 148 152 154 158 169 173 177 179 184 190
97 2 7 8 10 11 12 14 15 16 17 18 20 21 23 25 26 32 33 35 36 38 40 41 42 44 46 47 48 49 50 51 53 54 57 63 64 65 68 70 72 73 75 76 79 81 82 84 87 90 91 92 94 97 101 102 106 108 109 113 114 115 116 117 118 119 123 127 128 129 130 132 134 139 140 142 144 145 150 155 160 161 162 164 167 168 171 177 180 183 184 190 191 193 194 196 197 199
7 132 160 189 59 124 0 31 191 96 44 85 114 180 0 110 27 34 0 0 182 195 0 45 149 19 98 3 87 8 32 0 179 154 0 151 78 193 0 75 77 0 0 109 119 126 36 66 186 148 37 50 0 0 0 125 68 67 60 0 175 0 120 167 0 15 108 199 42 0 48 17 113 72 0 0 38 6 74 33 39 101 0 181 0 197 0 0 0 164 58 40 0 172 20 55 107 89 134 135 0 92 139 2 117 131 54 24 56 94 47 152 0 0 0 141 103 0 136 0 169 118 133 35 0 79 0 0 53 129 138 144 12 73 90 162 158 0 0 4 0 183 177 0 25 178 196 0 16 159 29 190 23 70 130 174 146 0 0 11 0 0 97 173 184 150 10 128 30 63 84 5 127 0 0 137 43 69 21 0 93 0 81 143 100 65 0 0 83 86 0 1 52 121 51 104 111 105 88 115
